t1 = [0:60];
T = (415622590.531 - (815490.073*exp(-t1/0.0013)))/((-8154.9*exp(-t1/0.0013)) + 8156225.9);